1 -1.5 -1.5		1 -1.5 -0.5		1 -1.5  0.5		1 -1.5  1.5
1 -1.5  2.5     1 -0.5 -1.5		1 -0.5 -0.5		1 -0.5  0.5
1 -0.5  1.5		1 -0.5  2.5     1  0.5 -1.5		1  0.5 -0.5
1  0.5  0.5		1  0.5  1.5		1  0.5  2.5     1  1.5 -1.5
1  1.5 -0.5		1  1.5  0.5		1  1.5  1.5		1  1.5  2.5

0  1  2  3
4  5  6  7
8  9  10  11
12 13 14 15
16 17 18 19

1 -1.5 -1.5		1 -1.5  2.5		1 -0.5  1.5		1  0.5  0.5		1  1.5 -0.5
1 -1.5 -0.5		1 -0.5 -1.5		1 -0.5  2.5 	1  0.5  1.5		1  1.5  0.5
1 -1.5  0.5		1 -0.5 -0.5		1  0.5 -1.5		1  0.5  2.5 	1  1.5  1.5	
1 -1.5  1.5		1 -0.5  0.5		1  0.5 -0.5		1  1.5 -1.5		1  1.5  2.5

0 4  8 12 16
1 5  9 13 17
2 6 10 14 18
3 7 11 15 19

